Wavelength	1	2	3
198.644331	52.245268	4.353772	143.674486
199.407799	77.009421	58.770347	40.531274
200.171236	24.331204	67.37872	26.202835
200.934641	44.900921	63.897465	69.07834
201.698014	32.036335	52.859953	65.674487
202.461357	1.480294	-16.283232	19.243819
203.224667	39.745644	-16.446473	0
203.987946	11.452855	40.721261	16.543012
204.751193	15.414248	18.971382	-5.928557
205.514409	19.966066	29.949099	2.218452
206.277593	-11.456895	-6.249216	9.373824
207.040746	15.71647	33.397498	48.131688
207.803867	15.805152	-4.648574	7.437719
208.566956	16.787522	15.020415	18.55463
209.330013	2.526589	14.317335	31.161259
210.093039	21.732035	3.219561	28.976047
210.856033	-6.165341	2.312003	7.706676
211.618996	16.282943	21.463879	-1.480267
212.381926	15.666655	19.93938	11.393931
213.144825	13.039888	28.825016	21.275607
213.907692	1.324449	8.60892	-19.866738
214.670528	23.032863	11.516431	-0.639802
215.433331	-9.88715	-3.089734	3.089734
216.196103	9.553107	32.241737	24.479837
216.958842	-3.461152	13.844609	5.768587
217.72155	14.501928	24.541724	11.713095
218.484226	3.776324	3.236849	-3.776324
219.24687	8.878443	-2.611307	24.546283
220.009482	3.540943	13.152074	4.046792
220.772062	24.507175	8.33244	27.448036
221.534611	5.69395	17.081851	17.081851
222.297127	7.344963	0.91812	1.377181
223.059611	7.98388	-5.766136	3.104842
223.822063	15.82408	14.113369	-2.566067
224.584483	3.290676	5.347348	16.042046
225.346871	-2.763342	-10.263841	4.737157
226.109227	-1.889028	13.223196	4.911473
226.871551	7.577532	6.855862	10.103376
227.633843	6.539841	13.079682	15.144895
228.396103	4.924737	19.042316	6.566316
229.15833	-1.880052	-0.940026	10.026946
229.920526	8.986575	14.37852	6.290602
230.682689	10.041862	14.345518	-0.28691
231.44482	9.088611	6.334486	12.39356
232.206919	2.915247	3.975337	3.710314
232.968985	8.944422	1.277774	7.411092
233.73102	11.108326	14.317399	5.924441
234.493022	-0.716664	4.538874	1.433329
235.254991	2.548187	9.266136	5.328028
236.016929	11.017817	2.248534	10.56811
236.778834	6.120601	14.645724	3.497486
237.540707	2.554453	4.257421	10.004939
238.302547	-1.868097	0.207566	2.28323
239.064355	-0.607912	4.863296	-0.405275
239.826131	4.560033	1.784361	2.775672
240.587874	-2.137567	6.801351	4.08081
241.349585	-1.526018	8.393099	5.722568
242.111263	2.438142	7.314425	3.375888
242.872909	-2.584726	-2.953972	2.769349
243.634522	10.55158	6.003485	5.821562
244.396103	3.229554	1.255938	2.870714
245.157652	4.780574	3.009991	1.06235
245.919168	3.495788	2.79663	5.76805
246.680651	0.690236	1.553031	2.415827
247.442102	6.471085	7.492835	9.536335
248.20352	-0.167987	6.551479	2.855773
248.964905	-0.82879	6.298804	-0.165758
249.726258	6.220216	1.800589	10.967223
250.487579	4.533157	4.20936	7.123532
251.248866	5.613412	4.971879	3.368047
252.010121	1.592576	3.503667	-2.229606
252.771343	-0.950807	7.131051	-1.901614
253.532533	3.948512	4.264394	9.950251
254.29369	5.831587	5.516366	8.826185
255.054814	4.096434	4.569099	5.829541
255.815905	2.206863	3.783193	5.201891
256.576964	4.577622	2.999132	7.734603
257.337989	2.05705	2.05705	7.753498
258.098982	4.921947	2.699133	11.590392
258.859942	5.898764	3.985651	4.463929
259.620869	3.684586	5.126381	10.57316
260.381764	7.248591	8.537229	10.148027
261.142625	9.074296	6.643681	0
261.903454	6.849429	2.772388	11.089552
262.664249	3.283399	-4.268419	8.208498
263.425012	10.420594	5.127594	6.285437
264.185742	4.834942	11.003662	5.835275
264.946438	4.203219	5.043863	8.742695
265.707102	5.259555	1.017978	6.10787
266.467733	6.678972	1.712557	6.336461
267.22833	1.727615	3.627991	9.674644
267.988895	9.23265	9.755253	10.452057
268.749426	9.12561	4.21182	7.0197
269.509925	10.063931	10.946732	8.121769
270.27039	10.287985	2.483307	8.691573
271.030823	4.448329	6.939393	3.558663
271.791222	12.470213	10.332462	0.89073
272.551588	6.763065	8.720795	5.695213
273.31192	2.306405	10.290113	5.85472
274.07222	1.058765	7.587817	8.999503
274.832486	4.204776	5.080771	6.307164
275.592719	10.938929	3.64631	7.29262
276.352919	6.531051	4.812353	14.265189
277.113086	8.495298	5.946708	3.228213
277.873219	7.219487	8.394753	11.584758
278.633319	14.258086	4.476376	3.979001
279.393386	9.656902	3.437202	5.401318
280.153419	12.112643	5.006559	5.652566
280.913419	4.301852	2.389918	6.373114
281.673386	8.008976	4.554124	9.265286
282.433319	-1.391868	5.258166	2.629083
283.193219	7.151776	7.456107	11.260243
283.953086	7.780937	6.284603	5.087536
284.712919	4.410218	6.615326	9.408464
285.472718	6.783536	6.783536	7.072197
286.232484	10.33711	5.947378	6.230587
286.992217	8.754278	5.558272	3.05705
287.751916	7.634726	4.226366	6.271382
288.511582	6.957007	8.428682	5.351544
289.271214	6.699556	6.305465	3.678188
290.030812	2.839803	10.455638	6.841343
290.790377	5.578639	8.367959	6.846511
291.549908	4.234867	9.590727	5.978635
292.309406	8.936291	4.529353	6.243162
293.06887	4.813328	0.842332	7.941991
293.8283	7.219115	6.982423	3.668731
294.587697	6.290584	4.892677	8.154461
295.34706	5.623267	8.951323	4.590422
296.106389	2.827691	0.226215	8.369966
296.865685	6.357606	8.03066	4.796089
297.624946	3.082327	6.164654	5.394072
298.384174	6.852869	6.526542	5.221234
299.143369	5.378755	0.645451	3.119678
299.902529	5.006778	5.858996	7.030795
300.661656	2.957786	2.957786	4.014138
301.420749	6.808074	4.713282	4.818022
302.179808	5.709061	6.124265	5.709061
302.938833	7.30339	6.480473	1.748699
303.697824	5.196242	6.724549	6.418887
304.456781	5.648765	4.236574	7.767052
305.215705	8.59002	5.793269	5.893153
305.974594	7.223157	7.124209	5.639999
306.73345	7.450683	4.705694	5.195871
307.492271	6.99282	1.456837	8.643902
308.251059	7.214441	4.040087	4.52105
309.009812	7.432971	1.04824	7.337676
309.768532	6.609054	4.720752	4.626337
310.527217	6.080249	7.670469	9.541315
311.285869	7.048077	7.419028	5.935222
312.044486	6.164131	4.784101	4.23209
312.803069	7.124621	4.384382	5.206454
313.561618	6.530947	5.623871	5.986702
314.320133	5.31757	9.102958	6.308981
315.078614	2.148812	4.65576	6.446437
315.837061	7.199045	4.354978	8.26557
316.595473	5.989314	5.020455	7.13433
317.353852	7.851487	5.932235	6.891861
318.112196	5.263766	9.578329	3.624233
318.870505	8.610583	6.052984	4.859438
319.628781	8.164766	7.912248	5.134544
320.387022	10.388281	6.6485	7.811987
321.145229	9.512151	6.97011	6.806108
321.903402	7.122267	7.122267	4.370482
322.66154	6.316678	8.555501	8.155711
323.419644	6.250492	6.883453	6.962573
324.177714	7.133895	6.663528	2.587017
324.935749	9.487385	4.743692	7.85431
325.69375	6.640744	7.335705	5.096385
326.451716	8.820236	4.985351	7.056188
327.209648	8.834264	6.473383	7.76806
327.967546	6.579793	6.579793	6.882312
328.725409	0.225465	7.44033	5.786923
329.483238	-17.403131	5.601866	7.991996
330.241032	6.163887	8.763117	6.535206
330.998791	6.941524	5.021528	5.464604
331.756516	6.018185	6.75211	7.63282
332.514207	7.505455	3.206214	9.2543
333.271863	6.148003	9.25817	9.041181
334.029484	7.319051	8.969425	6.888518
334.787071	8.326486	7.970654	11.315481
335.544623	10.805602	9.251855	9.110606
336.30214	11.9234	10.169959	8.486656
337.059623	12.959308	9.196928	13.93474
337.817071	11.911043	10.94154	12.049544
338.574484	13.991268	13.50881	12.40605
339.331863	12.278639	11.661277	13.376171
340.089207	12.906905	10.721609	13.453228
340.846516	14.354066	13.197577	13.537721
341.60379	14.30752	14.036287	15.731491
342.36103	14.455775	11.280908	14.590876
343.118235	14.075816	11.516576	13.46968
343.875405	15.578232	12.019411	12.959477
344.63254	13.255407	13.3893	13.523193
345.38964	16.488374	14.018455	16.221356
346.146705	12.716083	14.447068	10.58564
346.903736	14.475603	11.819529	14.608407
347.660731	14.77889	11.597784	14.381252
348.417692	14.023249	13.163333	13.758659
349.174618	15.715092	12.149483	12.611692
349.931508	13.45227	11.935593	14.24358
350.688364	16.261393	12.903778	13.364627
351.445185	15.371963	11.561818	13.335506
352.201971	12.845693	13.370007	14.811871
352.958721	16.797404	12.091517	12.941191
353.715437	16.819407	14.146555	12.907917
354.472117	16.7845	11.514947	15.223151
355.228763	18.591773	16.056531	17.746693
355.985373	16.31869	14.303234	16.253675
356.741948	16.590937	12.622125	15.419812
357.498488	16.664704	13.800458	15.427871
358.254993	16.478624	14.329238	17.390484
359.011463	18.164295	16.66688	17.383035
359.767897	17.696551	14.638691	18.34716
360.524297	21.062284	15.731706	19.957164
361.280661	21.17031	15.845262	22.144404
362.03699	21.647876	18.212734	20.610852
362.793283	24.498446	19.262631	22.236057
363.549541	21.953682	19.957893	23.048147
364.305764	25.2436	20.117996	25.17953
365.061952	25.10499	23.320879	24.722681
365.818104	28.763284	22.997956	24.708548
366.574221	32.131377	25.012072	29.233253
367.330303	28.06449	26.122527	28.816217
368.086349	31.67731	27.756542	30.681559
368.84236	32.43597	26.999084	31.818142
369.598335	38.605329	31.00682	34.315848
370.354275	37.14329	29.314067	35.565307
371.110179	39.034547	29.726309	36.572368
371.866048	41.211004	33.313218	40.260894
372.621882	43.880186	36.07796	39.597761
373.37768	45.335152	36.881854	42.324388
374.133442	48.963581	38.565247	43.135943
374.889169	47.739842	40.35623	44.470762
375.64486	49.644638	40.860929	48.254811
376.400516	52.451561	41.533297	45.264161
377.156136	53.31991	42.590903	52.181985
377.91172	57.266239	46.615789	52.181854
378.667269	53.117365	47.514937	53.275925
379.422782	57.818099	47.538166	51.712758
380.17826	57.134419	48.9503	54.303435
380.933701	61.791271	49.361993	59.71127
381.689107	63.15	52.45	60.8
382.444478	67.220525	56.330602	61.676564
383.199812	68.805758	59.592451	67.825619
383.955111	75.479234	62.179356	68.052659
384.710374	79.421304	66.15237	74.517567
385.465601	88.094965	70.618829	80.380703
386.220793	91.200776	79.405539	88.605824
386.975948	106.127835	85.416543	99.255239
387.731068	118.264278	95.380395	108.119399
388.486152	129.432835	106.429695	121.305977
389.2412	145.776538	119.333775	136.218913
389.996212	162.616625	134.731754	154.314333
390.751188	181.766376	151.382484	169.908156
391.506128	205.284792	168.969273	191.122627
392.261032	237.514522	193.765325	224.209126
393.0159	302.571714	245.705554	279.781507
393.770733	434.678802	357.423813	409.998918
394.525529	770.94982	629.941363	722.047897
395.280289	1481.248809	1207.100588	1388.052126
396.035013	2770.589899	2277.283321	2606.961679
396.789701	4825.227493	3956.562828	4517.409733
397.544353	7590.289814	6235.771368	7102.376802
398.298969	10814.92189	8852.014469	10082.32974
399.053549	13927.82801	11407.47176	13013.81149
399.808092	16369.13953	13445.95484	15322.64652
400.5626	17589.99848	14433.24267	16452.3177
401.317071	17247.711	14146.8571	16129.88913
402.071506	15474.43267	12715.77059	14445.79733
402.825905	12630.06832	10370.52968	11790.25006
403.580268	9256.946067	7619.256965	8666.567087
404.334594	6055.011866	4987.321878	5675.510624
405.088884	3488.378222	2868.705593	3250.07297
405.843138	1775.636818	1454.541841	1661.51671
406.597356	870.67907	713.5658	812.527763
407.351537	503.340422	409.766294	470.522227
408.105682	376.020353	307.303462	349.256932
408.85979	327.880652	268.077334	307.581482
409.613863	301.247503	242.79426	277.372235
410.367898	267.814339	219.330069	252.259279
411.121898	246.918665	198.566062	231.046638
411.875861	219.612186	178.035299	205.400051
412.629787	195.968852	159.53735	183.100013
413.383677	174.520304	139.731367	162.180484
414.137531	152.898929	124.485032	145.572075
414.891348	135.61066	108.986182	125.266571
415.645129	120.318482	96.530891	111.044153
416.398873	107.572302	85.973139	99.066749
417.15258	99.891337	80.98346	92.250724
417.906251	95.263882	74.363436	88.554663
418.659886	89.570048	70.58414	81.163004
419.413483	86.013066	67.372247	80.776881
420.167045	82.155856	62.485714	78.367789
420.920569	78.409862	62.94925	72.35705
421.674057	76.26868	61.888748	71.727649
422.427508	76.07281	58.935904	69.847427
423.180923	71.295274	59.055742	68.371386
423.9343	69.837832	55.275614	63.992673
424.687641	68.460549	54.070752	62.825383
425.440946	65.276395	51.628602	60.449737
426.194213	63.039284	49.269048	59.241737
426.947444	59.631103	48.98854	57.699069
427.700638	58.754149	43.58655	55.571227
428.453795	55.655943	43.731971	52.72329
429.206916	54.042397	41.571075	49.853312
429.959999	52.101645	41.344972	48.198781
430.713046	49.037481	39.368563	48.3131
431.466055	48.218364	38.530942	46.968374
432.219028	47.25543	37.053963	43.131432
432.971964	46.598952	35.826407	42.782393
433.724863	45.606746	35.434578	42.521494
434.477725	44.096903	35.459366	40.338817
435.23055	42.036313	33.262472	40.113279
435.983338	41.315694	31.522565	38.339059
436.736089	39.457116	30.115887	37.836398
437.488803	39.364764	30.493831	34.900117
438.24148	36.559133	29.102804	34.6806
438.99412	37.284709	27.970696	32.728007
439.746723	33.652742	27.42286	32.657099
440.499289	33.239993	24.816933	31.120095
441.251818	31.550853	22.335644	28.404197
442.004309	30.014971	23.503343	27.695378
442.756763	27.40009	21.447177	26.064857
443.509181	25.714509	20.671362	25.160317
444.261561	24.844095	19.65444	24.264399
445.013903	23.443206	18.71054	21.21445
445.766209	22.284893	18.058448	21.571338
446.518477	22.517938	16.908974	20.301714
447.270708	21.651943	15.625395	20.261201
448.022902	20.364299	15.769417	18.977678
448.775059	20.974471	14.985636	18.833666
449.527178	19.223964	14.471973	18.251966
450.27926	19.969669	14.721575	17.655125
451.031304	18.002259	14.031567	17.760798
451.783311	18.533661	14.227861	17.651106
452.535281	17.603157	13.922497	17.096399
453.287214	17.021216	13.936121	16.56909
454.039108	16.233392	13.183	16.710845
454.790966	16.597662	13.368133	16.465304
455.542786	16.204165	13.032061	14.935323
456.294569	15.894847	12.568018	14.653887
457.046314	16.862315	12.085979	15.516497
457.798021	16.246415	11.710078	14.558476
458.549691	16.57893	13.363303	14.918402
459.301324	15.668908	11.613426	15.168557
460.052919	15.106446	11.921986	15.474896
460.804476	15.150096	12.651382	15.281607
461.555996	15.090144	13.617935	14.459197
462.307478	15.184118	11.296143	14.763796
463.058923	14.75191	11.365795	14.095686
463.81033	14.264251	11.143946	14.185588
464.561699	14.010045	11.312784	13.748175
465.313031	13.626156	12.553848	13.600002
466.064325	13.535444	10.844033	13.0651
466.815581	13.030836	11.333433	13.396431
467.566799	12.475752	11.797155	13.754647
468.31798	11.852011	11.590953	12.34802
469.069123	13.218795	11.938714	13.06205
469.820228	12.655124	12.210626	12.079891
470.571295	13.031291	12.27244	13.031291
471.322325	11.886673	12.279405	13.038686
472.073316	12.901342	13.424723	12.927511
472.82427	11.838679	13.066975	12.544296
473.575186	11.058429	14.240335	13.379656
474.326064	11.606927	13.923107	12.804054
475.076904	11.503027	14.982497	12.9831
475.827706	11.713761	16.585856	13.527839
476.57847	11.874927	14.979483	13.116749
477.329196	11.210372	16.815558	12.837684
478.079885	12.068761	18.128929	12.893975
478.830535	10.68652	19.879502	14.497616
479.581147	10.057634	20.346774	14.430519
480.331721	11.074868	22.021258	13.130528
481.082257	10.114472	23.104125	14.812311
481.832755	10.076068	25.946516	15.742254
482.583215	9.932878	27.750617	16.870532
483.333637	10.652244	30.321856	18.520089
484.084021	10.546733	33.831066	18.163818
484.834366	9.955526	35.250689	19.199943
485.584674	9.445218	40.895514	19.498171
486.334943	8.456221	42.281104	20.219202
487.085174	8.757211	47.611045	21.817535
487.835367	8.432155	51.722238	23.615054
488.585522	9.336899	56.947573	26.208399
489.335638	9.964247	61.40873	28.094681
490.085716	8.822884	67.841495	28.51237
490.835756	8.33485	74.739971	30.428423
491.585757	8.297178	77.531414	32.691875
492.33572	8.535208	85.327264	34.488193
493.085645	8.796101	90.067121	36.373737
493.835532	8.487998	94.679535	37.713437
494.58538	8.232226	103.805159	40.122832
495.335189	8.668629	106.937794	40.898149
496.084961	8.287188	112.690958	43.162438
496.834693	8.082838	117.373656	44.430968
497.584388	7.755253	121.031183	46.112979
498.334044	7.868928	122.607734	46.770941
499.083661	8.056205	125.558899	47.944243
499.83324	8.812086	125.480174	47.447805
500.582781	7.186514	125.163067	47.656641
501.332282	7.74595	123.861663	46.451188
502.081746	8.135444	120.634915	46.386735
502.831171	7.864468	117.69752	45.006316
503.580557	8.08165	113.975762	43.273565
504.329904	7.955366	110.347049	42.102246
505.079213	6.775739	106.77292	40.996887
505.828484	7.967326	101.620065	39.641112
506.577715	7.251463	95.782791	36.818876
507.326908	7.31745	91.126644	35.514024
508.076062	6.531589	86.129234	34.851388
508.825178	7.890842	80.881128	31.344177
509.574255	7.570735	76.121186	31.256669
510.323293	6.81282	72.094234	29.051811
511.072292	7.586639	67.817742	27.355669
511.821253	6.438255	62.779055	27.08926
512.570175	5.753993	60.526176	25.929385
513.319057	6.357391	56.464306	23.46411
514.067901	6.405181	52.624386	22.296824
514.816707	6.868	49.70199	19.633257
515.565473	6.241926	45.78222	20.960242
516.314201	5.834616	43.881174	19.132678
517.062889	6.643864	40.860984	18.057683
517.811539	4.55632	37.25462	17.226302
518.560149	5.90837	35.181655	16.846178
519.308721	5.799591	33.867656	15.636873
520.057254	4.735882	30.942733	15.581789
520.805748	5.759816	30.915938	14.522614
521.554202	5.334001	29.386396	12.544781
522.302618	5.323282	27.086838	12.553041
523.050995	6.106507	26.883526	11.815843
523.799332	4.279609	23.438326	12.614895
524.547631	5.336101	21.568818	11.096097
525.29589	4.946208	21.883225	11.291344
526.04411	5.381181	20.498546	10.637219
526.792291	5.01498	19.834246	10.957731
527.540433	5.075442	17.814299	10.025254
528.288536	5.03647	17.803921	7.982805
529.0366	5.125791	16.286379	9.039572
529.784624	5.445111	16.335334	8.433591
530.532609	4.650963	15.706532	9.098606
531.280555	4.540104	14.589546	8.952676
532.028462	5.477127	13.846381	8.190096
532.776329	5.058861	13.404699	8.037684
533.524157	4.533047	13.16129	7.958589
534.271946	5.188011	12.518335	6.814104
535.019696	4.628027	11.221027	6.670564
535.767406	4.790621	11.419805	7.172984
536.515076	4.768792	10.055932	6.220164
537.262708	5.003332	10.939928	6.247684
538.0103	3.73261	10.394281	6.791276
538.757852	3.962241	8.701392	6.577838
539.505365	4.730971	10.108249	6.307961
540.252839	3.844438	9.107965	6.476202
541.000273	4.453695	9.139084	5.946841
541.747667	5.214075	8.91273	5.599352
542.495023	3.896657	7.947129	6.024437
543.242338	3.172025	7.239381	5.627787
543.989614	4.389784	7.197204	4.925746
544.736851	4.508659	7.565377	5.374729
545.484048	3.431396	6.964463	4.676866
546.231205	3.624328	6.868481	4.91692
546.978322	4.447054	6.316838	4.800796
547.725401	4.204943	6.496259	5.338012
548.472439	4.010168	6.341078	5.388663
549.219438	3.664644	6.182528	4.213094
549.966397	4.759805	5.404362	4.363154
550.713316	3.722475	5.300212	4.363431
551.460195	3.872746	6.029718	4.6571
552.207035	3.852451	6.632067	3.65739
552.953835	4.053649	4.806123	3.956556
553.700596	4.037968	4.424839	3.892891
554.447316	3.519366	4.049682	4.411261
555.193997	4.282716	5.245124	3.65715
555.940638	3.220275	5.383146	4.397838
556.687239	3.625948	4.346335	4.154232
557.4338	2.256291	4.272552	3.648471
558.180321	3.909905	3.62206	3.741995
558.926803	3.402043	3.785372	3.473917
559.673244	3.445186	4.952454	3.780134
560.419645	3.178261	3.919059	2.987087
561.166007	3.36732	3.79719	3.391201
561.912329	3.080855	3.009208	2.913677
562.65861	3.345587	4.540439	3.058822
563.404852	2.917813	4.185388	3.180895
564.151053	2.99175	3.733704	3.566166
564.897215	2.202429	3.686675	2.992431
565.643336	2.154118	4.499714	2.872158
566.389418	2.034343	2.728413	3.207082
567.135459	2.586973	2.395345	3.137902
567.88146	2.3995	2.3995	3.527265
568.627421	2.790914	2.718735	3.03151
569.373342	2.875135	2.367758	3.358351
570.119223	2.623288	3.303399	2.841895
570.865063	2.369734	2.736188	2.516316
571.610863	2.090035	2.606397	2.311333
572.356623	2.62527	2.55097	3.095838
573.102343	2.245685	2.769678	2.320541
573.848023	3.117596	2.6399	2.740467
574.593662	2.001481	2.938883	1.824134
575.339261	2.602867	2.194574	2.628385
576.08482	1.361636	3.057259	1.926844
576.830338	1.887097	2.455812	2.817721
577.575816	1.794276	2.34036	2.574396
578.321254	2.929562	2.981875	2.275642
579.066651	2.658118	1.815942	2.526528
579.812008	2.33123	3.337897	1.827896
580.557325	2.66841	2.188096	2.188096
581.302601	2.526941	2.63447	2.822647
582.047836	1.841681	2.735439	2.654188
582.793031	3.13785	2.592137	2.482994
583.538186	0.769342	1.868402	1.208966
584.2833	2.322789	2.350441	0.691306
585.028374	1.836166	1.085007	1.557959
585.773407	2.518011	2.070365	2.573967
586.518399	1.686561	1.967655	1.602233
587.263351	2.314052	2.088291	1.721429
588.008262	1.839848	2.490871	1.811542
588.753133	2.553057	1.616936	1.588569
589.497963	1.932526	2.387238	1.847268
590.242753	3.019903	2.079744	2.108234
590.987501	2.199944	1.971378	3.714191
591.73221	1.605318	2.293312	1.605318
592.476877	1.784047	1.611397	1.870372
593.221504	1.501685	1.646077	1.559442
593.96609	2.027305	2.490689	1.940421
594.710635	1.277133	1.451287	2.147906
595.455139	2.383523	1.278963	1.744041
596.199603	2.355913	2.210487	3.519327
596.944026	2.646962	1.6289	2.646962
597.688408	1.133993	2.035373	2.849522
598.432749	1.395122	1.569513	1.627643
599.177049	1.889043	1.627483	1.859981
599.921308	2.32538	1.366161	1.308026
600.665527	1.221391	1.94841	1.16323
601.409704	1.803769	2.240165	1.192815
602.153841	2.327712	1.629398	2.415001
602.897937	0.785245	3.431812	1.919488
603.641991	0.842211	1.16167	1.539213
604.386005	1.622309	0.666305	0.782185
605.129978	2.050217	2.454486	1.848083
605.87391	0.661556	1.265585	1.380638
606.6178	0.715954	1.947394	1.661013
607.36165	2.509918	1.083828	1.483134
608.105459	1.961166	1.421135	1.108485
608.849226	1.814026	2.380909	0.481851
609.592952	1.272625	1.753394	1.696833
610.336638	1.354642	2.314179	0.507991
611.080282	1.238637	0.957129	1.266788
611.823885	0.869855	1.79583	2.076429
612.567446	2.236564	1.118282	0.587098
613.310967	0.55712	1.977776	2.590608
614.054446	1.498775	1.30449	-0.11102
614.797884	0.996028	1.106698	0.415012
615.541281	1.628654	0.496877	0.938546
616.284637	0.330488	0.275407	1.982927
617.027951	1.977754	1.59319	0.988877
617.771224	1.644312	1.37026	1.973174
618.514456	1.394728	1.668204	0.68369
619.257646	1.582582	1.773583	0.627576
620.000795	1.879377	0.871595	1.879377
620.743903	1.550474	1.088052	1.25126
621.486969	1.358552	1.738947	1.005329
622.229994	1.493344	0.32582	0.488731
622.972977	0.162869	1.058649	1.330098
623.715919	0.054281	0.624233	0.787076
624.458819	1.35713	2.252836	1.492843
625.201678	0.923166	1.11323	1.330446
625.944496	1.113294	0.705991	1.194754
626.687272	1.574944	1.412018	1.547789
627.430006	0.353296	0.16306	1.52189
628.172699	0.408265	1.197579	0.326612
628.91535	1.500034	0.927294	0.190913
629.65796	0.574523	0.930181	1.641495
630.400528	1.564889	1.235439	0.658901
631.143054	2.038256	0.798776	0.247896
631.885539	1.574993	0.967101	1.878939
632.627982	1.635686	1.164387	0.277235
633.370384	1.224045	1.530056	0.667661
634.112744	0.419126	1.117668	1.452968
634.855062	0.533732	0.898917	0.870826
635.597338	0.621598	0.847633	1.01716
636.339573	0.767479	0.568503	0.99488
637.081766	1.687409	1.88761	1.144006
637.823917	0.661601	0.949253	0.805427
638.566026	0.549395	0.607227	1.995173
639.308093	0.523247	0.523247	0.377901
640.050119	0.379922	1.373566	1.227442
640.792103	0.49928	1.997119	2.026489
641.534044	1.239462	0.973863	0.855819
642.275944	1.09757	1.334882	1.008578
643.017802	0.327941	1.043448	1.192512
643.759619	0.209689	0.329512	1.617602
644.501393	0.782842	0.150547	1.505465
645.243125	1.029284	-0.151365	1.634745
645.984815	-0.365156	1.76492	1.399764
646.726464	1.89631	0.642299	0.428199
647.46807	2.275149	0.307453	0.58416
648.209634	-0.123606	0.154507	0.278113
648.951156	0.062071	1.893156	0.40346
649.692636	0.872334	0.903489	1.308502
650.434074	1.094014	0.937727	0.593893
651.17547	0.094039	2.22558	1.034425
651.916824	0.408448	1.131088	0.34561
652.658136	0.59842	0.787395	-0.094487
653.399405	0.568284	0.568284	0.947141
654.140632	0.601242	1.455638	0.44302
654.881817	1.426883	0.761004	1.300048
655.62296	-0.031768	1.111864	0.635351
656.364061	2.004591	1.018205	1.177299
657.10512	0.382399	0.127466	0.955998
657.846136	0.351064	1.180851	1.276596
658.58711	-0.223788	0.92712	1.214847
659.328041	0.80069	0.832718	1.024883
660.06893	1.796556	0.320814	0.834115
660.809777	-0.16064	0.257025	1.510021
661.550582	0.482518	1.383218	1.286714
662.291344	1.158842	0.12876	-0.12876
663.032064	-0.064362	1.190701	0.707984
663.772741	-0.32148	1.543102	1.125178
664.513376	0.513555	0.834527	0.770333
665.253969	1.345487	0.064071	1.729912
665.994519	0.28774	0.319712	1.566586
666.735027	0.415108	0.70249	0.766352
667.475492	1.052992	-0.127635	0.319088
668.215915	-0.095704	0.988946	0.893242
668.956295	0.956992	0.861293	1.084592
669.696632	-0.255217	0.574239	0.478532
670.436927	0.25513	0.829171	1.371322
671.17718	1.211351	-0.318777	1.753271
671.917389	0.828448	1.306399	1.306399
672.657557	0.54148	1.27407	0.350369
673.397681	0.191104	0.923669	0.095552
674.137763	0.988123	-0.414374	0.31875
674.877802	0.829599	0.510522	0.159538
675.617799	0.76672	0.926453	0.511146
676.357753	0.35199	0.799976	0.415988
677.097664	0.576854	0.320474	0.640949
677.837532	0.801764	0.833834	-0.160353
678.577358	0.641828	0.673919	1.123199
679.31714	1.123901	0.770675	1.188124
680.05688	1.059897	0.963543	-0.51389
680.796578	-0.321205	-0.128482	-0.03212
681.536232	0.289234	2.024637	0.77129
682.275843	0.836229	1.929759	1.222181
683.015412	0.160974	0.643898	1.352186
683.754938	1.353826	0.354573	1.611698
684.494421	1.453518	1.388917	1.065913
685.233861	0.906982	1.878748	1.263296
685.973258	0.942243	0.714805	-0.487367
686.712612	0.260697	0.977613	0.847265
687.451923	-0.294247	0.425024	0.94813
688.191191	0.819341	0.786568	0.327736
688.930416	0.557824	1.804726	0.065626
689.669598	1.511128	-0.328506	0.295655
690.408737	-0.197468	1.941773	0.032911
691.147833	-0.494545	-0.164848	0.560484
691.886886	1.156907	0.264436	0.925526
692.625896	0.696792	0.364986	0.696792
693.364862	1.265751	0.566257	0.89935
694.103786	0	0.969293	0.167119
694.842666	0.368975	0.201259	0.301888
695.581504	1.009566	0.168261	0.134609
696.320298	0.877618	1.012636	0.607582
697.059048	1.760697	1.659118	1.692977
697.797756	-0.237706	1.528112	0.713119
698.53642	0.783479	1.294443	0.749415
699.275041	1.094088	0.888947	0.717995
700.013619	0.96073	1.029354	-0.686236
700.752154	1.790628	0.378787	1.618452
701.490645	1.106322	0.242008	0.691451
702.229093	0.936827	1.040919	0.034697
702.967497	1.113424	-0.243561	1.07863
703.705859	1.18611	0.348856	0
704.444176	0.664335	0.944055	0.454545
705.182451	-0.595722	1.121358	0.175212
705.920682	0.105406	0.843248	1.018925
706.658869	1.550976	1.092733	1.480477
707.397013	-0.035372	-0.176862	1.414898
708.135114	0.603761	1.456129	0.071031
708.873171	0.784513	1.319409	0.641875
709.611185	0.107372	0.823184	0.751603
710.349155	0.251423	0.933856	0.431011
711.087082	0.757043	-0.072099	1.117539
711.824965	0.940819	0.434224	1.338858
712.562804	0.763122	0.763122	1.235531
713.3006	0.401705	0.584298	0.693854
714.038352	0.036714	-0.146857	-0.550713
714.776061	-0.332268	1.550585	0.443024
715.513726	1.113113	-0.445245	0.074207
716.251347	1.341761	1.528117	0.260898
716.988924	1.758874	1.3098	0.224537
717.726458	1.427096	1.990423	0.413107
718.463949	1.620126	-0.301419	1.054966
719.201395	0.52962	0.98358	0.03783
719.938798	0.304008	1.90005	1.406037
720.676157	0.80203	0.61107	1.565868
721.413472	2.419726	0.652942	0.076817
722.150743	1.352519	-0.734225	0.038643
722.887971	0.856489	2.10229	1.829771
723.625154	0.234952	-0.274111	-0.352428
724.362294	0.941924	1.609121	0.274728
725.09939	1.098308	-0.196127	-0.078451
725.836442	0.236386	0.433374	1.930482
726.57345	0.475297	0.673338	0.198041
727.310414	1.665657	0.515561	0.832829
728.047334	-0.079076	1.146602	0.909374
728.784211	0.514821	-0.079203	-0.356414
729.521043	0.99198	1.428451	-0.277754
730.257831	0.439745	0.639629	0.479722
730.994575	0	1.12309	1.965407
731.731276	0.48494	1.939759	-0.72741
732.467932	0.363695	1.858888	0.080821
733.204544	1.217017	2.190631	-0.081135
733.941112	-0.162839	1.546974	0
734.677636	0.982046	0.368267	1.7595
735.414115	0.450068	-0.572814	1.022881
736.150551	0.775644	-0.24494	0.040823
736.886942	0.448229	0.611222	0.814962
737.62329	0.661031	-0.206572	0.537088
738.359593	0.666353	0.749647	1.707529
739.095852	1.707814	1.999392	-0.083308
739.832066	0.291727	0.375078	0.583455
740.568237	1.58277	1.207904	1.082948
741.304363	0.669461	0.251048	0.502096
742.040444	-0.378025	1.302085	1.554102
742.776482	0.377763	-0.125921	0.419737
743.512475	0.630549	0.840732	0.420366
744.248424	-0.127021	1.905309	0.889144
744.984328	1.14578	1.824761	-0.891162
745.720189	0.55072	0.338904	0.720172
746.456004	2.022701	-0.842792	1.222048
747.191776	-0.12701	0.762058	0.550375
747.927502	0.256853	1.583929	-0.042809
748.663185	2.237828	0.301246	1.463195
749.398823	-0.302257	0.820411	0.215898
750.134416	-0.822574	0.25976	0.38964
750.869965	1.70181	0.392725	0.392725
751.60547	0	1.477975	1.738794
752.34093	0.781895	-0.30407	0.738456
753.076345	2.268653	-0.305396	0.261768
753.811716	2.002003	0.696349	0.043522
754.547042	0.351263	1.448961	0.395171
755.282324	1.19728	0.532124	0.487781
756.017561	0.443124	2.392872	-0.221562
756.752753	1.147589	0.971037	1.015175
757.487901	2.83945	0.266198	1.242259
758.223004	1.467388	-0.088933	1.378455
758.958062	0.490016	1.425501	0.846391
759.693076	1.863081	0.545292	1.408671
760.428044	0.640618	1.46427	0.777894
761.162968	1.446811	2.396281	1.808514
761.897848	-0.224306	1.749585	1.16639
762.632682	1.356305	1.853616	1.265884
763.367472	0.182789	1.919285	1.690798
764.102217	1.566341	1.520272	-1.19779
764.836917	-0.045515	0.091031	0.819276
765.571572	1.980031	0.990015	-0.315005
766.306183	1.132894	0.543789	0.362526
767.040748	2.383025	0.412447	1.420649
767.775269	-0.740212	1.665477	1.341634
768.509745	0.554968	-0.231237	1.341173
769.244175	0.88217	-0.13929	0.83574
769.978561	1.211937	1.118711	0.932259
770.712902	0.833308	2.870284	1.574027
771.447198	0.234425	2.062942	-0.046885
772.181448	-0.094496	0.708717	0.283487
772.915654	1.696586	-0.329892	0.424147
773.649815	1.306921	-0.186703	2.333788
774.38393	0.561812	2.059977	0.468176
775.118001	1.307041	0.560161	-0.513481
775.852026	1.453759	2.344772	1.219282
776.586007	0.472607	0.378085	0.850692
777.319942	0.617706	-0.332611	-0.095032
778.053832	0.52379	0.809493	0.333321
778.787677	-0.285883	1.000591	0.238236
779.521476	2.157732	1.054891	1.486438
780.255231	2.275418	0.096826	1.549221
780.98894	0.531781	0.193375	1.740375
781.722604	1.784554	1.061086	0.38585
782.456222	0.241951	1.016194	1.161365
783.189796	1.269003	1.708273	1.757081
783.923324	1.668958	0.049087	-0.049087
784.656807	1.04279	1.04279	-0.14897
785.390244	1.050052	1.150058	-0.40002
786.123636	2.04894	0.649664	0.59969
786.856983	-0.846098	1.045179	1.692195
787.590284	-0.199878	-0.399756	0.049969
788.32354	-0.551319	1.954678	1.754198
789.056751	0.404566	0.758562	2.073403
789.789916	1.471177	0.405842	-0.304381
790.523035	-0.966218	2.796948	0.254268
791.25611	-0.103003	-0.515016	1.236038
791.989138	0.413036	1.600515	-0.309777
792.722121	0.462647	1.953398	1.233725
793.455059	0.05205	1.613552	1.405351
794.187951	1.891123	0.315187	0.89303
794.920798	0.105717	0.845739	0.264294
795.653598	-0.474254	1.106592	0.263474
796.386354	1.387769	-0.37363	2.88229
797.119063	3.1879	0.054032	0.270161
797.851728	2.050125	-0.917161	1.834322
798.584346	1.23143	-1.338511	0.481864
799.316919	0.053273	0.586007	2.077661
800.049446	-0.107712	1.023261	1.669531
800.781927	-1.092189	2.075159	0.218438
801.514363	2.720874	1.499257	0.999505
802.246753	0.993151	2.869103	0.386225
802.979097	2.351337	-0.49214	1.476421
803.711395	1.983136	0.936481	0.826306
804.443648	0.675327	1.125545	1.744595
805.175854	1.539085	0.057003	0.969054
805.908015	1.535954	1.080857	0.113774
806.64013	1.129566	-0.564783	0.903653
807.372199	0.512431	0.683241	-0.740178
808.104223	1.41461	1.980454	0.396091
808.8362	0.7393	1.592338	-0.909907
809.568131	-0.11439	0.22878	-0.915122
810.300017	1.270662	1.559448	2.483566
811.031857	0.465631	2.037136	2.851991
811.76365	0.406827	1.278599	1.220481
812.495398	1.048745	-1.165272	0.990481
813.227099	0.994189	1.637488	1.988378
813.958755	-0.583405	3.617111	-0.816767
814.690364	1.404424	-0.468141	-0.351106
815.421928	0.291638	0.933241	0.758258
816.153445	2.700246	2.993751	2.230638
816.884917	3.709751	1.376198	4.06876
817.616342	6.423563	5.883263	0.780433
818.347721	2.383142	3.27682	4.051341
819.079054	1.666977	4.226978	1.726512
819.81034	0.893376	2.561011	4.645555
820.541581	3.637539	2.121898	0.788133
821.272775	2.30759	2.550494	2.186138
822.003923	1.380264	3.120598	2.700518
822.735025	2.918401	2.799282	2.620605
823.466081	1.082389	1.803982	0.120265
824.19709	1.587132	2.380698	2.685916
824.928053	0.555159	1.357055	-1.542108
825.65897	0.245456	2.025015	0.061364
826.38984	2.391342	1.287645	2.94319
827.120665	2.740111	1.887632	0.243565
827.851442	1.209542	3.265763	0.060477
828.582174	1.288785	0.981931	1.77975
829.312858	1.94592	1.757605	0.37663
830.043497	2.50545	2.698177	1.927269
830.774089	3.09799	-0.968122	4.00157
831.504635	0.765341	2.87003	1.275569
832.235134	0.815474	1.442762	0.376373
832.965586	-0.061197	0.244787	0.36718
833.695993	-0.911147	-0.303716	1.640065
834.426352	0.18474	1.539499	0.55422
835.156665	1.794264	2.883638	1.794264
835.886932	2.5559	0.983038	-0.458751
836.617152	3.030985	1.741204	2.128139
837.347325	-0.314378	-1.006011	0.503006
838.077452	1.488752	0.806408	-0.434219
838.807532	1.310601	-0.936143	1.997106
839.537565	0.580354	0.773806	0.51587
840.267552	1.383459	2.174007	-0.131758
840.997492	-0.586281	1.302847	0.781708
841.727386	0.63193	0.189579	1.958981
842.457232	0.989359	0.185505	-1.793214
843.187032	2.495162	0.561411	3.30609
843.916786	-2.432458	3.328627	-0.576108
844.646492	-0.328684	0.525895	0.394421
845.376152	-1.00577	2.212693	2.145642
846.105764	0.065394	-0.196181	0.130787
846.83533	0	0.251995	0.56699
847.56485	-1.100164	1.222404	1.344644
848.294322	0.310727	0.497163	-1.49149
849.023747	0.507608	1.142119	-0.824864
849.753126	0.463301	-2.117947	0.926602
850.482458	0.479241	0.342315	-1.16387
851.211742	-1.818608	1.818608	1.212405
851.94098	0.320688	2.244818	0.064138
852.670171	0.124841	0.998727	-0.749045
853.399314	0.751768	0.814415	-0.187942
854.128411	0.646518	-0.840473	0.969777
854.857461	0.745413	-0.271059	0.13553
855.586464	1.029793	0.823834	0
856.315419	0.679183	0.950857	0.882939
857.044328	-0.065982	2.243383	-0.461873
857.773189	-0.393662	0.721713	1.312205
858.502004	1.444816	1.641836	0.328367
859.230771	-0.59093	1.904108	-1.116201
859.959491	0.198955	1.989551	1.525322
860.688164	-0.598866	-1.197732	1.197732
861.41679	-0.067993	-0.475949	4.827478
862.145369	0.475412	0.747075	-0.203748
862.8739	0.477091	1.703895	1.567583
863.602384	0.8205	-0.13675	1.641
864.330821	0.691952	1.86827	0.830342
865.05921	1.685126	1.474486	1.685126
865.787553	1.352483	1.06775	1.210116
866.515848	0.852913	1.634749	1.776901
867.244095	-1.254539	1.672718	0.766663
867.972296	1.365839	0.409752	-0.204876
868.700449	0.341148	3.138564	1.637512
869.428554	2.507001	1.790715	1.719086
870.156613	-0.074162	1.038275	-0.222487
870.884623	1.460185	2.044259	1.314166
871.612587	1.915655	2.554207	1.277104
872.340503	2.324624	0.281773	3.029055
873.068371	1.380315	1.525611	0.508537
873.796192	2.844933	2.770066	3.368999
874.523966	3.767068	0.150683	0.979438
875.251692	2.814012	2.591853	3.998859
875.97937	5.350239	6.229731	7.182513
876.707001	5.335785	5.70125	4.604856
877.434584	4.181584	4.106913	5.899021
878.16212	2.470581	3.937488	4.014694
878.889608	3.841071	3.449125	4.546574
879.617049	1.082572	2.861084	1.778512
880.344442	2.042813	2.648091	0.302639
881.071787	-0.297331	3.047641	2.006983
881.799084	2.163902	2.313136	0.447704
882.526334	0.311608	0.545314	0.467412
883.253536	2.087683	3.372411	2.569456
883.980691	1.66437	2.694694	1.66437
884.707797	0.920057	2.683501	1.456758
885.434856	1.206947	0.452605	1.056079
886.161867	-1.465593	1.157047	-1.774138
886.88883	0.477197	1.11346	1.11346
887.615746	3.778598	0	1.849101
888.342613	0	0.079835	-0.239504
889.069433	4.059733	4.696553	-1.751257
889.796205	2.307792	2.54653	2.864846
890.522929	4.320176	3.280133	3.280133
891.249605	1.14445	2.452393	1.14445
891.976233	2.208022	0.899565	2.044465
892.702814	1.95106	1.707177	1.219412
893.429346	1.711546	2.037555	0.081502
894.15583	-0.659255	5.026818	-0.164814
894.882266	3.321096	1.90963	2.24174
895.608655	0.499831	-1.749407	2.249238
896.334995	0	0.167136	2.172771
897.061287	1.417649	2.751906	0.583738
897.787531	0.909449	4.7126	5.291341
898.513727	2.639466	3.546782	3.464299
899.239875	6.040075	5.047186	3.723334
899.965975	2.898558	2.236031	5.879932
900.692027	2.260821	1.507214	2.930693
901.41803	0.676734	0.422959	6.76734
902.143985	1.972168	1.286197	1.886422
902.869893	1.146075	-0.440798	2.20399
903.595752	3.313404	0.179103	-1.611926
904.321562	1.500785	0.088281	0.529689
905.047325	-0.693121	2.425923	-0.693121
905.773039	5.792462	2.766549	2.853003
906.498705	1.499987	1.764691	2.029395
907.224322	2.143718	5.180653	2.947613
907.949892	1.074334	1.074334	0.537167
908.675413	2.468739	0.793523	2.027893
909.400885	5.264959	4.551067	5.711142
910.12631	6.315266	4.027126	3.11187
910.851685	6.466219	4.580239	2.963684
911.577013	4.050233	2.377311	2.465359
912.302292	4.2011	3.932944	2.145242
913.027523	5.05575	3.55775	4.025875
913.752705	2.280361	5.415858	3.135497
914.477838	-1.771473	1.491766	5.221182
915.202924	2.932002	2.107376	-1.099501
915.92796	0.366467	0	-0.091617
916.652948	-0.092508	2.590214	3.792814
917.377888	1.029663	-2.527355	2.995384
918.102779	0.930336	4.558646	0.558202
918.827621	-2.407575	-3.426165	4.166957
919.552415	0.285686	0.571372	2.285488
920.27716	0.485519	-0.679727	4.758086
921.001857	2.734518	1.074275	1.855566
921.726505	-0.19479	1.947904	2.142694
922.451104	1.909539	0.477385	0.668339
923.175655	0	1.595636	3.566716
923.900156	1.725664	4.122419	0.19174
924.62461	1.905325	1.604484	2.206166
925.349014	0.202268	1.314744	-0.101134
926.07337	0.914751	0.406556	-2.642615
926.797676	0.698675	1.197728	0.299432
927.521934	-0.998535	1.797363	-0.898682
928.246144	1.000907	0.100091	3.202902
928.970304	4.259443	1.622645	1.216984
929.694416	-1.236134	0.9271	2.781301
930.418478	5.732851	1.698622	2.123278
931.142492	2.152841	-0.968778	2.798693
931.866457	0.766527	3.394618	0.985534
932.590373	0.110486	1.546803	-0.55243
933.31424	-0.978881	0.217529	1.848997
934.038058	-1.440906	-2.105939	0.99755
934.761827	1.487439	1.945112	0.343255
935.485547	5.907171	2.652199	1.3261
936.209219	5.674677	4.811139	0.123363
936.932841	-1.484271	-2.226406	3.958056
937.656414	-3.287479	-0.379325	-1.770181
938.379938	1.718053	2.643158	0.925105
939.103413	4.442197	4.025741	-0.971731
939.826838	3.685048	-1.984256	0.992128
940.550215	1.714754	1.286065	-1.000273
941.273543	-1.730847	-0.576949	4.18288
941.996821	1.676094	6.704375	0.761861
942.72005	7.90541	2.581358	0.968009
943.44323	5.055168	-1.956839	2.609119
944.166361	2.045946	0.786902	0.786903
944.889443	5.338765	4.553653	4.239607
945.612475	3.650542	3.174384	1.745911
946.335458	0.158641	2.062329	-0.317281
947.058392	3.968926	4.121577	4.732181
947.781277	3.247475	-5.166437	0.295225
948.504112	1.491738	2.535955	2.685129
949.226898	-1.981915	0.762275	2.896645
949.949634	-2.143173	5.051764	-0.918502
950.672322	1.193778	4.178224	-1.343001
951.394959	2.032848	-5.953339	-2.758865
952.117548	1.698161	3.679348	-0.42454
952.840087	0.420762	-1.262286	1.683049
953.562576	5.617132	0.140428	0.421285
954.285017	2.270226	-2.412115	6.668788
955.007407	1.727821	-0.719926	1.295866
955.729748	-1.292069	2.297012	-4.163334
956.45204	2.137616	0.570031	3.705202
957.174282	0.569297	0.569297	2.846486
957.896475	-0.140522	-0.562088	0.140522
958.618618	-1.255565	3.348173	2.929651
959.340711	-3.9995	-0.413741	1.10331
960.062755	-3.379365	-0.675873	0.811048
